14.650
14.935
15.220	1
15.500
15.780
16.060	1
16.340
16.610
16.880	1
17.160
17.440
17.720	1
18.000
18.285
18.570	1
18.845
19.120
19.405	1
19.690
19.975
20.260	1
20.540
20.820
21.100	1
21.380
21.650
21.920	1
22.195
22.470
22.750	1
23.030
23.305
23.580	1
23.860
24.140
24.415	1
24.690
24.970
25.250	1
25.525
25.800
26.080	1
26.360
26.635
26.910	1
27.180
27.450
27.725	1
28.000
28.265
28.530	1
28.795
29.060
29.350	1
29.640
29.905
30.170	1
30.450
30.730
31.000	1
31.270
31.550
31.830	1
32.110
32.390
32.670	1
32.950
33.225
33.500	1
33.785
34.070
34.345	1
34.620
34.890
35.160	1
35.430
35.700
35.980	1
36.260
36.530
36.800	1
37.075
37.350
37.625	1
37.900
38.170
38.440	1
38.710
38.980
39.250	1
39.520
39.795
40.070	1
40.340
40.610
40.875	1
41.140
41.425
41.710	1
41.985
42.260
42.535	1
42.810
43.090
43.370	1
43.645
43.920
44.205	1
44.490
44.770
45.050	1
45.345
45.640
45.925	1
46.210
46.485
46.760	1
47.040
47.320
47.605	1
47.890
48.160
48.430	1
48.690
48.950
49.230	1
49.510
49.795
50.080	1
50.360
50.640
50.925	1
51.210
51.490
51.770	1
52.060
52.350
52.655	1
52.960
53.240
53.520	1
53.810
54.100
54.380	1
54.660
54.935
55.210	1
55.470
55.730
56.015	1
56.300
56.580
56.860	1
57.125
57.390
57.660	1
57.930
58.215
58.500	1
58.780
59.060
59.340	1
59.620
59.900
60.180	1
60.455
60.730
61.015	1
61.300
61.580
61.860	1
62.120
62.380
62.665	1
62.950
63.225
63.500	1
63.780
64.060
64.330	1
64.600
64.885
65.170	1
65.445
65.720
66.000	1
66.280
66.550
66.820	1
67.090
67.360
67.635	1
67.910
68.185
68.460	1
68.740
69.020
69.300	1
69.580
69.855
70.130	1
70.410
70.690
70.965	1
71.240
71.515
71.790	1
72.060
72.330
72.610	1
72.890
73.165
73.440	1
73.710
73.980
74.255	1
74.530
74.800
75.070	1
75.335
75.600
75.875	1
76.150
76.425
76.700	1
76.980
77.260
77.535	1
77.810
78.090
78.370	1
78.650
78.930
79.205	1
79.480
79.755
80.030	1
80.305
80.580
80.855	1
81.130
81.400
81.670	1
81.945
82.220
82.495	1
82.770
83.045
83.320	1
83.595
83.870
84.140	1
84.410
84.690
84.970	1
85.240
85.510
85.785	1
86.060
86.335
86.610	1
86.895
87.180
87.455	1
87.730
88.010
88.290	1
88.560
88.830
89.105	1
89.380
89.650
89.920	1
90.200
90.480
90.755	1
91.030
91.310
91.590	1
91.860
92.130
92.405	1
92.680
92.950
93.220	1
93.490
93.760
94.045	1
94.330
94.610
94.890	1
95.165
95.440
95.705	1
95.970
96.250
96.530	1
96.805
97.080
97.355	1
97.630
97.905
98.180	1
98.455
98.730
99.000	1
99.270
99.545
99.820	1
100.095
100.370
100.645	1
100.920
101.195
101.470	1
101.750
102.030
102.305	1
102.580
102.845
103.110	1
103.390
103.670
103.945	1
104.220
104.500
104.780	1
105.055
105.330
105.605	1
105.880
106.155
106.430	1
106.705
106.980
107.250	1
107.520
107.805
108.090	1
108.360
108.630
108.905	1
109.180
109.455
109.730	1
110.000
110.270
110.545	1
110.820
111.095
111.370	1
111.650
111.930
112.205	1
112.480
112.755
113.030	1
113.305
113.580
113.855	1
114.130
114.405
114.680	1
114.955
115.230
115.505	1
115.780
116.055
116.330	1
116.600
116.870
117.140	1
117.410
117.690
117.970	1
118.245
118.520
118.790	1
119.060
119.335
119.610	1
119.885
120.160
120.445	1
120.730
121.000
121.270	1
121.545
121.820
122.105	1
122.390
122.660
122.930	1
123.205
123.480
123.755	1
124.030
124.305
124.580	1
124.855
125.130
125.400	1
125.670
125.950
126.230	1
126.505
126.780
127.060	1
127.340
127.615
127.890	1
128.165
128.440
128.710	1
128.980
129.255
129.530	1
129.805
130.080
130.355	1
130.630
130.905
131.180	1
131.460
131.740
132.020	1
132.300
132.575
132.850	1
133.125
133.400
133.675	1
133.950
134.220
134.490	1
134.765
135.040
135.315	1
135.590
135.865
136.140	1
136.420
136.700
136.975	1
137.250
137.520
137.790	1
138.065
138.340
138.615	1
138.890
139.165
139.440	1
139.715
139.990
140.265	1
140.540
140.810
141.080	1
141.360
141.640
141.920	1
142.200
142.470
142.740	1
143.015
143.290
143.560	1
143.830
144.110
144.390	1
144.665
144.940
145.215	1
145.490
145.765
146.040	1
146.310
146.580
146.860	1
147.140
147.415
147.690	1
147.980
148.270
148.545	1
148.820
149.095
149.370	1
149.645
149.920
150.205	1
150.490
150.765
151.040	1
151.315
151.590
151.870	1
152.150
152.425
152.700	1
152.980
153.260
153.540	1
153.820
154.095
154.370	1
154.650
154.930
155.205	1
155.480
155.760
156.040	1
156.320
156.600
156.880	1
157.160
157.445
157.730	1
157.995
158.260
158.530	1
158.800
159.090
159.380	1
159.655
159.930
160.200	1
160.470
160.750
161.030	1
161.300
161.570
161.855	1
162.140
162.415
162.690	1
162.965
163.240
163.510	1
163.780
164.065
164.350	1
164.625
164.900
165.175	1
165.450
165.725
166.000	1
166.275
166.550
166.835	1
167.120
167.390
167.660	1
167.935
168.210
168.485	1
168.760
169.035
169.310	1
169.575
169.840
170.110	1
170.380
170.665
170.950	1
171.225
171.500
171.765	1
172.030
172.310
172.590	1
172.870
173.150
173.420	1
173.690
173.960
174.230	1
174.505
174.780
175.060	1
175.340
175.605
175.870	1
176.145
176.420
176.695	1
176.970
177.240
177.510	1
177.785
178.060
178.335	1
178.610
178.885
179.160	1
179.430
179.700
179.980	1
180.260
180.530
180.800	1
181.070
181.340
181.610	1
181.880
182.160
182.440	1
182.715
182.990
183.265	1
183.540
183.805
184.070	1
184.350
184.630
184.905	1
185.180
185.455
185.730	1
186.005
186.280
186.545	1
186.810
187.085
187.360	1
187.645
187.930
188.200	1
188.470
188.750
189.030	1
189.300
189.570
189.845	1
190.120
190.395
190.670	1
190.945
191.220
191.500	1
191.780
192.050
192.320	1
192.595
192.870
193.155	1
193.440
193.710
193.980	1
194.260
194.540
194.815	1
195.090
195.365
195.640	1
195.910
196.180
196.455	1
196.730
197.010
197.290	1
197.570
197.850
198.125	1
198.400
198.680
198.960	1
199.240
199.520
199.810	1
200.100
200.400
200.700	1
200.990
201.280
201.560	1
201.840
202.120
202.400	1
202.685
202.970
203.270	1
203.570
203.870
204.170	1
204.465
204.760
205.055	1
205.350
205.635
205.920	1
206.205
206.490
206.780	1
207.070
207.355
207.640	1
207.915
208.190
208.475	1
208.760
209.050
209.340	1
209.635
209.930
210.220	1
210.510
210.790
211.070	1
211.365
211.660
211.955	1
212.250
212.540
212.830	1
213.115
213.400
213.680	1
213.960
214.245
214.530	1
214.800
215.070
215.355	1
215.640
215.925
216.210	1
216.490
216.770
217.050	1
217.330
217.610
217.890	1
218.175
218.460
218.740	1
219.020
219.310
219.600	1
219.885
220.170
220.455	1
220.740
221.020
221.300	1
221.575
221.850
222.135	1
222.420
222.710
223.000	1
223.275
223.550
223.835	1
224.120
224.390
224.660	1
224.940
225.220
225.500	1
225.780
226.060
226.340	1
226.615
226.890
227.165	1
227.440
227.715
227.990	1
228.265
228.540
228.825	1
229.110
229.380
229.650	1
229.935
230.220
230.495	1
230.770
231.050
231.330	1
231.605
231.880
232.155	1
232.430
232.705
232.980	1
233.255
233.530
233.810	1
234.090
234.360
234.630	1
234.910
235.190
235.460	1
235.730
236.000
236.270	1
236.550
236.830
237.105	1
237.380
237.650
237.920	1
238.200
238.480
238.755	1
239.030
239.300
239.570	1
239.850
240.130
240.405	1
240.680
240.950
241.220	1
241.490
241.760
242.045	1
242.330
242.605
242.880	1
243.150
243.420
243.690	1
243.960
244.240
244.520	1
244.805
245.090
245.370	1
245.650
245.940
246.230	1
246.505
246.780
247.060	1
247.340
247.620
247.900	1
248.180
248.460
248.740	1
249.020
249.295
249.570	1
249.845
250.120
250.395	1
250.670
250.950
251.230	1
251.500
251.770
252.055	1
252.340
252.610
252.880	1
253.150
253.420
253.710	1
254.000
